2
1 1.23 2 3 3.1 4 5.3 6.4 34 45 51 234 546 678 

2147483646=2^1 3^2 7^1 11^1 31^1 151^1 331^1 
1
123
132
213
231
312
321

1
7 6 5 4 3 2 1 0 8 123 13 12 
12 8 0 1 2 3 4 5 6 7 13 123 
0 1 2 3 4 5 6 7 8 12 13 123 
12 8 13 0 123 1 2 3 4 5 6 7 
0
2 4 6 8 10 12 14 16 
2 4 6 8 12 14 16 
1 2 3 4 5 6 


0->3->4->5
0
0 1 5 3 4 6 
0 1 3 2 5 
0 1 3 2 5 
9

0
0 4 5 6 1 2 
0 4 5 6 1 2 
0 4 5 6 1 2 
0 4 5 6 1 2 
0 4 5 6 1 2 
0 4 5 6 1 2 
0 4 5 6 1 2 
0
0 4 3 
0 4 3 
0 4 3 
0 4 3 
0 4 3 
21 22 24 23 22 19 
11 11 11

